[gd_scene load_steps=5 format=3 uid="uid://qgu65wltrbjn"]

[ext_resource type="PackedScene" uid="uid://ggm3m6b1ejxq" path="res://scenes/car.tscn" id="1_dtjck"]

[sub_resource type="ProceduralSkyMaterial" id="ProceduralSkyMaterial_w681j"]
sky_horizon_color = Color(0.64625, 0.65575, 0.67075, 1)
ground_horizon_color = Color(0.64625, 0.65575, 0.67075, 1)

[sub_resource type="Sky" id="Sky_6v4k1"]
sky_material = SubResource("ProceduralSkyMaterial_w681j")

[sub_resource type="Environment" id="Environment_38ioi"]
background_mode = 2
sky = SubResource("Sky_6v4k1")
tonemap_mode = 2
glow_enabled = true

[node name="Node3D" type="Node3D"]

[node name="WorldEnvironment" type="WorldEnvironment" parent="."]
environment = SubResource("Environment_38ioi")

[node name="DirectionalLight3D" type="DirectionalLight3D" parent="."]
transform = Transform3D(-0.866025, -0.433013, 0.25, 0, 0.5, 0.866025, -0.5, 0.75, -0.433013, 0, 0, 0)
shadow_enabled = true

[node name="CSGBox3D" type="CSGBox3D" parent="."]
use_collision = true
size = Vector3(100, 1, 100)

[node name="Car" parent="." instance=ExtResource("1_dtjck")]
transform = Transform3D(1, 0, 0, 0, 1, 0, 0, 0, 1, 0, 1.57417, 0)

[node name="Camera3D" type="Camera3D" parent="Car"]
transform = Transform3D(0.766044, 0, 0.642788, 0, 1, 0, -0.642788, 0, 0.766044, 5.374, 1.82383, 7.568)

[node name="CSGBox3D2" type="CSGBox3D" parent="."]
transform = Transform3D(1, 0, 0, 0, 0.936317, 0.351155, 0, -0.351155, 0.936317, 0, -3.17012, 15.5482)
use_collision = true
size = Vector3(10, 10, 10)
